topics proteins scores signal totalSignal fraction
0 Sua7 9.49368435684462 725135 1416750 0.511829892359273
0 Tfb4 11.9680794024658 309972 516833 0.599752724767962
0 Tfa2 11.8492853640238 282493 459703 0.614511978386045
0 Ssl2 11.9758424956496 268274 442280 0.606570498326852
0 Tfg1 12.4529651250779 217115 292557 0.742128884285797
0 Tfa1 12.4801355115498 206676 276437 0.747642319949934
0 Ssl1 10.5299679807076 167775 320050 0.524214966411498
0 Rad3 5.51947337597406 141691 444645 0.318660954244397
0 Tfb2 10.686332972704 130443 261608 0.498620072780649
0 Kin28 11.8660059475959 120215 209785 0.573039063803418
0 Tfb3 9.86844493921717 89917 173227 0.519070352774106
0 Tfb1 8.4961211807845 47486 117279 0.404897722524919
0 Toa1 1.90355723304345 10136 90553 0.111934447229799
1 Reb1 13.1531530607819 153682 154340 0.995736685240378
2 Spt4 13.1531608343585 126100 126348 0.998037167189033
3 Brf1 8.29344070092628 271333 603026 0.449952406695565
3 Rpc37 8.78520484176223 84024 177070 0.474524199469136
3 Rpc40 8.47410443397952 69430 151303 0.458880524510419
3 Bdp1 11.3440296791809 60161 103360 0.582053018575851
3 Rpo31 7.35803838731493 53624 162203 0.330598077717428
3 Rpc17 10.3777343408204 53149 99387 0.534768128628493
3 Rpc25 8.89975486531039 41589 87628 0.474608572602365
3 Rpc19 11.2543214448827 24428 50019 0.488374417721266
3 Tfc3 6.76227712822644 21133 75366 0.280404957142478
3 Tfc4 10.0572709356524 1100 2582 0.426026336173509
4 Pcf11 13.1528177870053 138470 139793 0.990536006810069
4 Rna14 13.153150813667 78251 78563 0.996028664893143
4 Rtt103 13.1526120090746 50525 52033 0.971018392174197
4 Bye1 13.1522832784194 17828 18409 0.968439350317779
4 Ysh1 2.29303210601423 12715 83105 0.152999217856928
5 Tbf1 13.1531591530213 95524 95799 0.997129406361235
5 Vid22 13.1531636506661 50703 50707 0.99992111542785
5 Hst3 13.0788717754541 4152 5210 0.796928982725528
5 Fun30 1.49554323474449 518 6874 0.0753564154786151
6 Fkh1 13.1531336921914 49281 49585 0.993869113643239
6 Cbf1 13.1353974185397 13556 14847 0.913046406681485
6 Fkh2 2.97666789213225 811 7594 0.106794838030024
7 Sok2 13.1531199870096 93425 94007 0.993808971672322
7 Tup1 13.146134851873 57301 61909 0.925568172640488
7 Mig2 13.1138617068274 35647 42820 0.832484820177487
7 Sfl1 13.1440352171037 28660 30553 0.938042090793048
7 Cyc8 13.1451272878864 26205 29158 0.898724192331436
7 Phd1 12.3177706900686 16885 23516 0.718021772410274
7 Mig1 13.1260215656274 16053 19737 0.813345493236054
7 Sut1 11.2256585888921 6573 10867 0.604858746664213
7 Rox1 8.74588758171918 4934 15071 0.327383717072523
7 Nrg2 6.11760463666621 2650 7698 0.344245258508704
7 Gis1 7.17859598671651 1821 7278 0.250206100577082
7 Nrg1 2.5534067538699 541 3310 0.163444108761329
8 Rap1 6.68575722363911 34563 92581 0.373327140557998
8 Sgf11 1.60649178658085 3908 39598 0.0986918531238951
8 Rif2 7.5823153093108 2915 8056 0.361842105263158
8 Sgf29 1.70763409208104 2906 26828 0.108319666020576
8 Esa1 6.80574493346549 2790 14608 0.190991237677985
8 Sfp1 8.21529272497198 2105 8614 0.244369630833527
8 Eaf5 10.1228377198319 2014 6736 0.298990498812352
8 Ada2 2.0964744575702 1903 24470 0.0777686963628933
8 Spt7 1.95164880756842 1889 24778 0.0762369844216644
8 Taf9 1.10781205113286 1886 24665 0.0764646259882425
8 Ngg1 7.0640629410384 1810 8532 0.212142522269105
8 Stb3 6.48750642753707 1721 6581 0.261510408752469
8 Eaf6 10.853028676515 1301 2841 0.457937346004928
8 Yng2 4.34576413091182 1285 8793 0.14613897418401
8 Gcn5 5.59645279969678 1048 6306 0.166190929273708
8 Rif1 5.3736966112798 771 3399 0.226831421006178
8 Spt3 1.23070926712336 594 15833 0.0375165792964062
8 Arp7 2.36882039871744 403 4689 0.0859458306675197
9 Fhl1 13.1531634558848 234228 234403 0.999253422524456
9 Stb3 5.2658440071632 1404 6581 0.213341437471509
9 Sfp1 3.62366110099456 956 8614 0.11098212212677
9 Esa1 2.19151131026673 955 14608 0.0653751369112815
9 Yng2 3.05057429542936 917 8793 0.104287501421585
9 God1 3.19233031598693 911 6028 0.151128069011281
9 Ngg1 2.70428715585055 723 8532 0.0847398030942335
9 Spt3 1.13783029227889 556 15833 0.0351165287690267
10 Ssl2 2.94713885740167 67925 442280 0.153579180609569
10 Cdc46 13.1531435364068 41115 41308 0.995327781543527
10 Orc6 13.1531430530059 24082 24158 0.996854044208958
10 Orc4 13.1530165782331 21577 21928 0.983993068223276
10 Orc2 13.1528223478929 13805 14090 0.979772888573456
10 Orc5 13.1526049069521 10428 10748 0.970227018980275
10 Orc1 13.1531612373091 4612 4618 0.998700736249459
11 Hmo1 13.153156170054 55574 55776 0.996378370625359
11 God1 1.64451929457499 486 6028 0.0806237558062376
12 Rad3 11.9071403432144 302729 444645 0.680833024097876
12 Tfb4 4.9318613435568 129471 516833 0.250508384720016
12 Tfa2 5.32702867040509 128445 459703 0.279408661679389
12 Ssl1 7.57528991099332 121211 320050 0.378725199187627
12 Ssl2 4.43500093467879 100941 442280 0.228228723885322
12 Tfb2 5.96505051143218 73473 261608 0.28085150301214
12 Kin28 2.69403645862874 28220 209785 0.134518673880401
13 Ash1 13.096725389615 1508 1750 0.861714285714286
13 Wtm2 12.8508718752445 1505 2112 0.712594696969697
13 Apc5 13.0540825524103 1366 1631 0.83752299202943
13 Spt23 13.105590761674 1177 1332 0.883633633633634
13 Rrd1 12.9914793031522 947 1270 0.745669291338583
13 Kae1 13.1531545153862 848 849 0.998822143698469
13 Nsp1 12.0053164397207 551 876 0.628995433789954
14 Sgf29 13.0010953894863 21111 26828 0.786901744446101
14 Gdh1 12.6398489465966 5271 8068 0.653321764997521
14 Yox1 6.83532424626379 3452 10962 0.31490603904397
14 Set5 4.70869925434914 968 6232 0.155327342747112
14 Snf2 1.55966387702295 535 11970 0.0446950710108605
15 Prp46 13.1531446587735 31807 31942 0.995773589631207
15 Prp45 13.1523439173937 30095 30936 0.97281484354797
15 Prp4 3.63909972331634 5588 24775 0.225549949545913
16 Smc3 13.1531519782788 21087 21121 0.998390227735429
16 Kar4 13.1531622475739 12244 12257 0.998939381577874
16 Ste12 12.5727051058917 5710 9879 0.57799372406114
16 Dig1 13.0278241368209 4882 7170 0.680892608089261
17 Hsf1 13.152946914319 56086 56420 0.994080113434952
17 Spt3 3.97552739213236 1717 15833 0.108444388302912
17 Vid21 9.68818942093038 920 2694 0.341499628804751
18 Htz1 13.1531636289282 178369 178388 0.999893490593538
19 Mif2 10.2799789518719 167262 300203 0.557162986379217
19 Nkp2 5.18164927514078 53334 176278 0.302556189654977
19 Smc4 2.65415061577399 428 3680 0.116304347826087
20 Set2 13.1518187415936 12911 13294 0.971190010531067
20 War1 13.1419525704418 10269 11654 0.881156684400206
21 Nrd1 13.1531619590481 109979 110173 0.998239132999918
22 Cin5 13.1530988110619 92827 93505 0.992749050852896
22 Sko1 13.1507329335161 20332 21374 0.951249181248246
23 Hot1 13.1531345279139 40298 40425 0.996858379715523
23 Ckb2 11.7255277119015 3891 8941 0.435186220780673
23 Cka2 5.27437529672681 2403 10355 0.232061805890874
23 Cka1 2.04284084253565 1167 12370 0.094341147938561
23 Ckb1 13.1531636607211 1160 1160 1
24 Bur6 13.1097361670424 42505 48150 0.88276220145379
24 Ydr1 13.1528832777746 24456 25006 0.978005278733104
24 Ncb2 13.0739848108447 21752 26460 0.822071050642479
24 Mot1 13.1228944051 17414 21053 0.827150524865815
25 YLL032C 13.1497208050675 745 764 0.975130890052356
26 Spt2 13.1531635178827 174273 174405 0.999243140964995
27 Rfx1 13.1529130121594 20841 21084 0.988474672737621
27 Bas1 13.1506938531956 7482 7941 0.942198715527012
28 Mac1 13.1530620492973 10040 10141 0.990040429937876
29 Rpo21 13.1530521798626 38036 38500 0.987948051948052
29 Sen1 13.1524685887653 34924 36156 0.96592543422945
30 Swi4 13.146821847988 12832 13646 0.940348820167082
30 Stb1 13.1531635528844 11012 11014 0.999818412928999
30 Swi6 13.1437961839993 5576 6049 0.921805257067284
30 Nrm1 3.97199294426994 2082 12849 0.162035956105534
30 Mbp1 8.05582562251091 2029 5642 0.359624246721021
30 Snf6 1.05033827425787 1439 31831 0.0452075021205743
30 Snf11 2.85750926152283 718 7411 0.0968830117393064
30 Whi5 12.3008832105074 712 993 0.717019133937563
30 Rxt1 1.4547520095344 561 6049 0.0927426020829889
30 Spt3 1.00340019710926 501 15833 0.0316427714267669
30 Srb8 1.66534799152587 441 6610 0.0667170953101362
31 Ino2 13.1524723932808 5239 5357 0.977972745939892
31 Ino4 13.1526699545441 3369 3406 0.989136817381092
32 Dat1 13.151292864723 21904 22912 0.956005586592179
32 Aro80 13.1531636607211 1966 1966 1
33 Stb5 13.141330344161 12163 13477 0.902500556503673
33 Oaf3 13.1531623378101 5855 5860 0.999146757679181
34 Leu3 13.1479213861051 4077 4305 0.947038327526132
35 Ifh1 13.153082709535 46558 47054 0.989458919539253
35 Esa1 8.68412777626084 3537 14608 0.242127601314348
35 Yng2 11.1173544664234 3209 8793 0.364949391561469
35 Stb3 10.0176098252105 2637 6581 0.400698981917642
35 Sfp1 6.88056255751466 1771 8614 0.205595542140701
35 Ada2 1.25463690739941 1195 24470 0.0488353085410707
35 Eaf6 6.96718930853928 841 2841 0.296022527279127
35 Eaf5 4.09681620279353 838 6736 0.124406175771971
35 Ngg1 2.57995132389027 692 8532 0.0811064228785748
35 Spt3 1.28936967228829 618 15833 0.0390324006821196
35 God1 1.40415334772043 420 6028 0.0696748506967485
36 Spt21 13.146075268693 7900 8595 0.91913903432228
36 Spt10 13.1531618695745 2702 2704 0.999260355029586
36 Hpc2 11.6751225925357 2255 5105 0.441723800195886
36 Hir1 13.1274564781356 1498 1784 0.839686098654709
36 Hir2 13.1342604864303 588 633 0.928909952606635
37 Hap3 13.1514917875818 31059 32633 0.951766616615083
37 Yap5 13.1526573743157 8576 8759 0.979107204018724
37 Hap5 12.1827075212031 2987 4508 0.662599822537711
37 Hap2 13.1388352469794 1882 2137 0.880673841834347
38 Met28 13.127942766891 4165 4462 0.93343792021515
38 Azf1 12.6672643637355 2792 4344 0.642725598526704
39 CTDSer2 13.153163437448 86651 86741 0.998962428378737
40 Rlm1 13.1351292606401 9645 10615 0.908619877531795
40 Swi5 12.9851491401891 1841 2218 0.830027051397656
40 Matalpha2 13.1513128266006 1730 1761 0.982396365701306
41 Met4 13.1017573260829 14096 16679 0.845134600395707
41 Met31 13.1090340295507 7726 9278 0.832722569519293
41 Met32 13.1396622038799 2804 3106 0.902768834513844
42 Tfb3 8.62477879754431 78710 173227 0.454374895368505
42 Sub1 13.0877036475682 74275 92282 0.804869855443098
42 Tfg1 4.1624810954294 73685 292557 0.251865448442526
42 Tfa1 4.08166455297896 68657 276437 0.248364003371473
42 Tfb2 4.64579308645436 57554 261608 0.220000917403138
42 Ssl1 1.84925275067755 30972 320050 0.0967723793157319
42 Toa1 2.4774809030512 13036 90553 0.143959890892626
42 Kin28 1.08307191704788 12062 209785 0.0574969611745358
42 Tfb1 1.71531556998498 10122 117279 0.0863070114854322
42 Taf14 4.18440572162643 835 4423 0.188785891928555
43 Gcr1 13.1527179851416 16466 16866 0.976283647575003
45 Pdr1 13.1113710064529 44526 50562 0.88062181084609
45 Pdr3 12.8572005133702 2058 3270 0.629357798165138
45 Cse2 5.49246108842097 1005 6151 0.163388066980979
46 Hos2 13.1515617909835 25654 27085 0.947166328225955
46 Swd1 13.15100165887 24305 25290 0.961051799130091
46 Shg1 13.1523676649767 20649 21266 0.970986551302549
46 Sif2 13.0722492153795 12658 15823 0.799974720343803
46 Rad6 12.8421115346249 9661 14158 0.682370391298206
46 Set3 11.951973476969 8959 17651 0.507563310860574
46 Bre1 11.859720437909 6342 12243 0.518010291595197
46 Swd3 10.5310775207018 4467 9189 0.486124714332354
46 Sdc1 11.4482792134629 4023 8125 0.495138461538462
46 Dbp2 5.97260561950246 3059 13652 0.2240697333724
46 Ctk1 1.9698507514803 2807 21605 0.129923628789632
47 Rpc40 10.0107179863889 81863 151303 0.541053382946802
47 Rpc25 9.63338202403099 44976 87628 0.513260601634181
47 Bdp1 6.43529659547217 34384 103360 0.33266253869969
47 Tfc3 9.84546205429901 30572 75366 0.405647108775841
47 Rpc19 4.55081904657912 10048 50019 0.200883664207601
48 Gln3 13.1267716917927 10358 11559 0.896098278397785
49 Mcm1 13.1527059262509 52157 52820 0.987447936387732
49 Yox1 11.0219946310101 5528 10962 0.504287538770297
49 Ndd1 13.0270526498186 3957 4732 0.836221470836855
49 Fkh2 8.9989852751953 2364 7594 0.311298393468528
50 Yrr1 12.9549570939899 19862 23759 0.835977945199714
51 Urc2 13.1520408512724 10698 11051 0.968057189394625
51 Azf1 2.34458545105477 537 4344 0.123618784530387
52 Gcn4 13.1484199448547 4620 4761 0.970384373030876
52 Rtg3 12.06100849963 1058 1683 0.628639334521687
53 Hst1 13.146469455127 19336 20862 0.926852650752565
53 Sum1 13.15296219381 15834 16102 0.983356104831698
54 Zap1 13.1531614647903 7008 7019 0.998432825188773
54 Caf16 13.0123142946321 753 865 0.870520231213873
55 Ctk2 13.1527050216513 44562 45613 0.976958323285028
55 Ctk1 12.9915897763481 17822 21605 0.824901643138162
55 Dbp2 10.2101464830671 5174 13652 0.378992089071198
55 Bre1 3.40178178975515 1869 12243 0.152658662092624
55 Rad6 2.11409729019401 1658 14158 0.117106936007911
55 Set3 1.97146105281568 1562 17651 0.0884935697694182
55 Sdc1 3.0187659659009 1095 8125 0.134769230769231
56 Swd2 13.1521940257623 11579 11964 0.96782012704781
56 Rds2 13.1524605951991 2162 2189 0.987665600730927
56 Stp4 12.7734518354188 1970 2865 0.68760907504363
57 Med6 13.1259000734713 13264 14465 0.916972001382648
57 Srb4 11.693536435803 5329 10660 0.499906191369606
57 Med4 11.4393269130492 5165 9942 0.519513176423255
57 Nut2 7.62224657029028 1946 8598 0.226331705047686
57 Rgr1 1.54441067305343 1464 21134 0.0692722627046465
57 Snf2 2.07776910835291 690 11970 0.0576441102756892
57 Cse2 3.54998402664733 662 6151 0.107624776459112
57 Rox3 5.94577651943751 641 3374 0.189982216953171
58 Lea1 13.1531609822156 106627 106766 0.998698087406103
58 Prp4 12.6185365304386 19027 24775 0.767991927346115
59 Stb4 13.0570309865153 3169 4165 0.760864345738295
60 Rgt1 12.5855238259554 854 1374 0.621542940320233
60 Net1 12.9926587670464 486 580 0.837931034482759
61 Smc1 13.1531455860767 3645 3656 0.99699124726477
61 Mcd1 13.1514278060787 3642 3708 0.982200647249191
61 Brn1 12.8924239778654 2584 3706 0.697247706422018
61 Smc4 12.397588954641 1922 3680 0.522282608695652
61 Ycs4 10.0789257382413 1826 4431 0.412096592191379
61 Snt2 13.1231036851216 1102 1308 0.842507645259939
61 Ecm5 13.1531581051027 1088 1089 0.999081726354454
61 Irr1 13.1513491277397 1029 1050 0.98
62 Cup9 13.1530542673898 16578 16785 0.987667560321716
63 Sgf11 12.9793112671235 29972 39598 0.756906914490631
63 Sgf73 12.5254456119832 14521 27394 0.530079579469957
63 Spt7 11.6472837459025 10570 24778 0.426588102348858
63 Ada2 11.5849824383087 9883 24470 0.403882304863098
63 Spt3 5.63023965449308 2394 15833 0.15120318322491
63 Esa1 4.71110917971913 1957 14608 0.133967688937568
63 Sfp1 5.6497335408175 1463 8614 0.169839795681449
63 Yng2 2.87107787801195 866 8793 0.0984874331854885
64 Rpb4 13.153136044561 147570 148165 0.995984206796477
64 Rpb3 13.1530786554276 138143 139289 0.991772501776881
65 Gzf3 13.1518222282524 22657 23614 0.959473193868044
65 Gis1 3.51549421537879 913 7278 0.125446551250344
65 Rox1 1.09124245658521 691 15071 0.0458496450136023
66 Swi3 10.5529843333427 17266 39792 0.433906312826699
66 Stp1 13.1432724612579 14446 15860 0.910844892812106
66 Snf6 11.7658712628281 14264 31831 0.448116615877604
66 Swi1 10.1629828257538 11130 28495 0.390594841200211
66 Stp2 12.8855981410974 8152 14635 0.557020840450974
66 Snf11 9.55666577751273 2302 7411 0.310619349615437
66 Sgf73 1.83852588883247 2265 27394 0.0826823391983646
66 Snf2 2.12790832428807 705 11970 0.0588972431077694
66 Arp7 2.60809155206016 441 4689 0.0940499040307102
67 Sir3 13.1531296698199 17361 17459 0.99438684918953
67 Sir4 13.153025873528 11089 11181 0.991771755656918
67 Sir2 13.1529043350536 8281 8333 0.993759750390016
67 Asf2 12.9617362719854 2462 3493 0.70483824792442
67 Rif1 9.77088118154719 1386 3399 0.407766990291262
68 Put3 13.1477367567639 3550 3851 0.921838483510776
69 Yta7 13.1531559237813 44046 44198 0.99656093035884
71 Hms2 13.1482535075049 21453 22697 0.945190994404547
71 Skn7 13.1521185868629 9744 9984 0.975961538461538
71 Snf6 2.08387545218079 2676 31831 0.0840689893500047
71 Ste12 2.11166385526878 1006 9879 0.1018321692479
71 Gis1 1.66377206444925 454 7278 0.0623797746633691
72 Hap1 13.1531527246601 8477 8517 0.995303510625807
72 Ecm22 12.8703647221772 7374 10787 0.683600630388431
73 Rpc37 9.73841855305322 93031 177070 0.525391088270176
73 Rpo31 9.17810028022856 66659 162203 0.410960339821088
73 Rpc17 7.95486511461058 40873 99387 0.411250968436516
73 Rpc19 4.24361403402821 9389 50019 0.187708670705132
75 Rtf1 13.15312604584 100417 101189 0.992370712231567
75 Ctr9 13.1531475404211 84717 85041 0.9961900730236
75 Leo1 13.1530448120767 80515 81399 0.98913991572378
75 Paf1 13.1530462392292 68991 69845 0.987772925764192
76 Spt15 13.1531635472755 389405 389531 0.999676534088429
77 Ume6 13.1531550215278 40240 40370 0.996779786970523
78 Brf1 10.1612107486563 331664 603026 0.549999502509013
78 Tfc4 7.16588100375221 788 2582 0.305189775367932
79 Med2 13.1145186751723 33175 39361 0.842839358756129
79 Swi3 7.41779993149262 12204 39792 0.306694813027744
79 Rgr1 12.3579988419584 10869 21134 0.5142897700388
79 Swi1 7.1605619581763 7890 28495 0.276890682575891
79 Sin4 10.711054116116 6777 14258 0.47531210548464
79 Nut1 9.88113406030693 6569 17371 0.378159000633239
79 Pgd1 12.0704805524148 6557 10987 0.596796213707108
79 Snf6 4.49601921342852 5563 31831 0.174766736828878
79 Soh1 8.99221633513874 5203 15829 0.328700486448923
79 Sgf73 2.78461824356635 3350 27394 0.122289552456742
79 Spt7 3.0149185300997 2841 24778 0.114658164500767
79 Med4 6.20358709085437 2827 9942 0.284349225507946
79 Spt3 6.6030247068115 2792 15833 0.17634055453799
79 Srb4 5.13434168426449 2374 10660 0.222701688555347
79 Srb8 9.1572309350515 2255 6610 0.341149773071104
79 Ada2 2.39967865996222 2158 24470 0.0881896199427871
79 Snf2 5.47720794875656 1707 11970 0.142606516290727
79 Snf11 6.30858989097218 1534 7411 0.206989610039131
79 Gal11 8.70068548618797 1513 4119 0.367322165574168
79 Med11 8.79135620249749 1463 5020 0.291434262948207
79 Gcn5 7.25000623879767 1347 6306 0.21360608943863
79 Cse2 7.20841021296153 1308 6151 0.212648349861811
79 Ste12 2.69876310913027 1270 9879 0.128555521813949
79 Ngg1 4.3326854712013 1129 8532 0.132325363338022
79 Nut2 4.26693983894458 1111 8598 0.12921609676669
79 Srb5 9.98433218944952 1095 3410 0.321114369501466
79 Yap1 2.0711506906688 916 9515 0.0962690488702049
79 Srb6 8.58553267582964 915 2912 0.314217032967033
79 Tda9 3.80184331861881 770 7565 0.101784534038334
79 Ssn2 7.53662050609785 557 2102 0.264985727878211
79 Sfp1 1.79340236837345 498 8614 0.0578128627815185
79 Fzf1 3.00885362506276 495 5026 0.0984878631118185
80 Yku70 12.5829195669101 652 1122 0.581105169340463
81 Bdf1 13.1524712233632 15856 16207 0.978342691429629
81 Bdf2 13.1276345102784 11184 13140 0.851141552511416
81 Vps71 13.1515474590305 7121 7410 0.960998650472335
81 Swc7 13.1528473490783 4966 5033 0.986687860123187
81 Swr1 13.1529307147058 4745 4789 0.990812278137398
81 Vps72 13.1483600804829 4226 4569 0.92492886846137
81 God1 12.5010478941726 3467 6028 0.575149303251493
81 Aor1 13.1531552422074 2902 2909 0.997593674802338
82 Nrg2 11.6084006816422 4989 7698 0.64809041309431
82 Pip2 13.1522207389496 3905 3974 0.982637141419225
82 Nrg1 12.8827356678995 2653 3310 0.801510574018127
82 Gis1 10.0590526659402 2535 7278 0.348309975267931
82 Stp4 2.84174136508461 451 2865 0.157417102966841
83 Rcs1 12.7323617031249 1392 1947 0.714946070878274
83 Cdc53 13.1531636607211 735 735 1
83 Aft2 12.9615449407025 612 952 0.642857142857143
84 Rsc1 13.1377943696132 8395 9534 0.880532829872037
84 Rsc3 13.1443688108369 5357 5990 0.89432387312187
84 Htl1 13.1379052346195 4510 5283 0.853681620291501
84 Sfh1 13.1013137392162 2745 3515 0.780938833570412
84 Rsc58 13.1330105647553 2092 2463 0.849370686155095
84 Arp7 12.015225844008 1935 4689 0.412667946257198
84 Rsc8 13.0307048940088 1653 2598 0.636258660508083
84 Hal9 12.8759347475402 1601 2538 0.630811662726556
84 Rsc9 12.8474982587786 863 1260 0.684920634920635
84 Rsc6 12.4715114722616 416 790 0.526582278481013
85 Ada1 13.1523991804326 15034 15482 0.971063170133058
85 Rad9 13.1531588235347 1166 1167 0.999143101970865
86 Pub1 13.1517996747316 4829 4995 0.966766766766767
88 Rgm1 12.8523797519113 742 1025 0.72390243902439
88 Hpa3 8.67788124228671 447 1474 0.30325644504749
89 Yrr1 2.19891089621031 3484 23759 0.146639168315165
92 Ies3 13.0623279774534 6839 8218 0.832197614991482
92 Gts1 12.0359615147071 3395 6033 0.562738272832753
92 Nhp10 12.3786422589059 889 1861 0.477700161203654
93 Npl3 13.153162059011 62792 62918 0.997997393432722
93 Sif2 1.19782604752626 1242 15823 0.0784933324906781
94 Iws1 13.1531480710566 75249 75556 0.995936788607126
95 Taf3 13.1474509878386 65500 68870 0.951067228110934
95 Taf2 13.0211785482419 59230 70675 0.838061549345596
95 Taf11 13.1531634894158 31702 31715 0.999590099322087
95 Taf13 13.153143033992 21628 21703 0.996544256554393
95 Taf9 13.084486993968 20752 24665 0.841354145550375
95 Taf8 13.1529586851348 19253 19615 0.981544736171297
95 Taf6 13.129431184417 14909 16837 0.885490289243927
95 Taf4 13.1080991679772 13066 17418 0.750143529681938
95 Taf7 13.133222087234 12387 13501 0.917487593511592
95 Taf12 13.0773266837893 11742 14538 0.807676434172513
95 Taf10 13.0513205413779 10374 12915 0.803252032520325
95 Taf5 13.1108493155004 9208 10699 0.860641181418824
95 Taf1 13.1519555792522 7644 7887 0.96918980600989
95 Taf14 9.07303373827584 1781 4423 0.402667872484739
98 Spt16 13.1531313854711 70553 71053 0.992962999451114
98 Cbc2 13.1528943286614 62446 63409 0.98481288145216
98 Pob3 13.1531064946663 55408 56003 0.989375569165937
99 Bcy1 13.1512394003723 40910 42613 0.960035669866003
99 Hrb1 13.1509575047843 36945 37942 0.973723050972537
99 Tpk1 3.43646496383679 5704 27892 0.204503083321382
100 Phd1 4.54131806747675 6310 23516 0.26832794692975
100 Sut1 6.7877417835279 3999 10867 0.367994846783841
100 Crz1 12.8906439033747 2366 3495 0.676967095851216
102 Abf1 13.1531237212048 18988 19157 0.991178159419533
102 Rpn4 13.123979763145 3183 3984 0.79894578313253
103 Ace2 13.1427005662165 11645 12259 0.949914348641814
103 Nrm1 10.6283109741538 5448 12849 0.424001867849638
103 Mbp1 9.97622316468683 2505 5642 0.443991492378589
103 Spt20 5.28854650713065 840 3640 0.230769230769231
104 Yng1 13.0109150177629 1161 1678 0.691895113230036
105 Fzf1 10.1844674859828 1607 5026 0.319737365698368
105 Scc4 12.6848961823922 1132 2377 0.476230542700883
105 Tda9 2.106953857081 446 7565 0.058955717118308
106 Hap5 4.82677519288418 1199 4508 0.265971606033718
106 Fkh2 4.4463770281148 1190 7594 0.156702659994733
106 Eaf5 5.43934820743983 1100 6736 0.163301662707838
106 Ies6 7.86854601432766 501 2292 0.218586387434555
106 Hhf1 13.1061957953633 494 572 0.863636363636364
106 Hta2 12.9756732801304 478 581 0.822719449225473
106 Dig1 1.00924962593493 416 7170 0.0580195258019526
106 Hhf2 13.0448544970901 407 506 0.804347826086957
106 Htb2 13.1428578798645 400 425 0.941176470588235
107 Vid27 13.1386397421952 3594 3770 0.953315649867374
108 Spt5 13.153131785599 159536 160158 0.99611633511907
108 Spt6 13.1531486843124 141076 141606 0.996257220739234
109 Mif2 8.14613256499086 132899 300203 0.442697108290057
109 Nkp2 12.0595271406522 122790 176278 0.696570190267645
109 Nkp1 13.1531489013401 48650 48775 0.997437211686315
109 Mcm16 13.1531509128216 45310 45385 0.998347471631596
109 Cln1 12.2018633997426 2491 3930 0.633842239185751
109 Fun30 2.43275699314888 818 6874 0.118999127145767
109 Scc2 2.97523850240701 760 4863 0.156282130372198
109 Fzf1 2.66039755627707 441 5026 0.0877437325905292
109 Brn1 1.96102572463846 411 3706 0.110901241230437
110 Stp2 1.47147687391015 1005 14635 0.0686709941920055
110 Cln1 4.64410555720709 962 3930 0.244783715012723
110 Gts1 2.46242217470228 722 6033 0.119675120172385
110 Esc2 2.59665456727003 706 6196 0.113944480309877
110 Fzf1 4.16392096418568 674 5026 0.134102666136092
110 Ycs4 3.31180375236167 617 4431 0.13924621981494
110 Fun30 1.53927987680337 532 6874 0.0773930753564155
110 Ham1 11.8297641765712 495 1352 0.36612426035503
110 Hda1 1.98744514826554 485 4821 0.100601534951255
110 Smc4 2.53675979241415 410 3680 0.111413043478261
112 CTDSer7 13.1520865262345 116835 120571 0.969014107870052
112 Ccl1 13.1528308965227 101926 102711 0.992357196405448
112 Toa1 12.7473502160555 64929 90553 0.717027597097832
112 Tfb1 9.7828118932502 54576 117279 0.465351853272964
112 Kin28 4.72653572491588 48606 209785 0.231694353743118
112 Taf2 1.70221466750791 8094 70675 0.11452423063318
112 Taf14 8.44774410823928 1660 4423 0.375310874971739
113 Srb8 2.88783826235475 737 6610 0.111497730711044
114 Tfc6 13.1531634133106 23535 23542 0.999702659077394
114 Tfc1 13.1489970132838 12354 12749 0.969017177817868
114 Rpc34 13.1531467388159 11337 11364 0.997624076029567
115 Rpb2 13.1531593721617 140516 140759 0.998273645024474
116 Sua7 9.04889585133599 691541 1416750 0.488117875419093
116 Tfb4 1.78499359633354 48744 516833 0.0943128631492184
116 Tfa2 1.76423409656237 44296 459703 0.0963578658394659
117 Thp2 13.1524613845452 25942 26620 0.974530428249436
117 Mft1 13.1527664625534 24034 24429 0.983830693028777
119 Csn12 13.1530806588357 31017 31418 0.987236615952639
120 Rts2 12.8378915390577 1664 2196 0.757741347905282
121 Swi1 2.76535141036151 3147 28495 0.110440428145289
121 Soh1 3.77194356710238 2235 15829 0.141196537999874
121 Srb8 8.44273493216841 2082 6610 0.314977307110439
121 Snf6 1.41629565819501 1877 31831 0.0589676730231535
121 Rgr1 1.98822194718392 1850 21134 0.0875366707674837
121 Nut1 2.17445272730154 1523 17371 0.0876748603995164
121 Pgd1 2.71031615926401 1521 10987 0.138436333849094
121 Sin4 2.13328522665084 1415 14258 0.0992425305091878
121 Yap1 2.78987576205684 1215 9515 0.127693116132422
121 Cse2 6.60811117929387 1202 6151 0.195415379613071
121 Met4 1.00288197173836 1167 16679 0.0699682235145992
121 Tda9 5.84721918115364 1161 7565 0.153469927296761
121 Med11 6.51125306199198 1091 5020 0.217330677290837
121 Srb4 2.01789179216294 970 10660 0.0909943714821764
121 Snf11 3.75834280818057 931 7411 0.125624072324922
121 Ngg1 3.36607464854235 888 8532 0.10407876230661
121 Nut2 3.34674194495876 882 8598 0.10258199581298
121 Fzf1 5.45449899672525 874 5026 0.173895742140867
121 Snf2 2.57916126770448 840 11970 0.0701754385964912
121 Srb5 7.32002230864777 808 3410 0.236950146627566
121 Ssn8 9.86402381354425 802 2297 0.34915106660862
121 Srb6 7.41959142015127 793 2912 0.272321428571429
121 Gal11 4.24362702774754 750 4119 0.182083029861617
121 Rox3 6.92124651394086 743 3374 0.220213396561944
121 Ssn2 9.92902911044198 730 2102 0.347288296860133
121 Gcn5 3.61661289602413 690 6306 0.10941960038059
121 Spt20 4.21043705072096 673 3640 0.18489010989011
121 Spt3 1.35536262809883 645 15833 0.0407376997410472
121 Azf1 2.41782840564585 553 4344 0.127302025782689
121 Ste12 1.07534471777085 540 9879 0.0546614029760097
121 Spt8 5.49641819369868 509 2190 0.232420091324201
121 Med4 1.00367782347356 505 9942 0.0507946087306377
121 Ndd1 1.54456672655942 493 4732 0.1041842772612
121 Rtg3 5.07784189270234 451 1683 0.26797385620915
121 Arp7 2.4066000545084 409 4689 0.0872254211985498
121 Sfp1 1.4217559445006 405 8614 0.0470164847921987
122 Ncl1 13.1450097893162 10707 11598 0.923176409725815
122 Cka2 4.76130126805724 2175 10355 0.210043457267021
122 Ume1 1.19735936263009 1568 22444 0.0698627695597933
122 Gdh1 3.41802067571927 1459 8068 0.180837878036688
122 Ecm22 2.38026662195017 1414 10787 0.131083711875406
122 Ycs4 7.61052144066237 1385 4431 0.312570525840668
122 Ckb2 3.89305513565 1326 8941 0.148305558662342
122 Set5 6.34494685021105 1292 6232 0.207317073170732
122 Bre2 1.6822254718835 1018 11463 0.0888074675041438
122 Yox1 1.78348931669278 947 10962 0.0863893450100347
122 Mlp1 9.59410039758634 934 3370 0.277151335311573
122 Tda9 4.5708209446869 917 7565 0.121216126900198
122 Ddp1 9.67387291759434 915 2873 0.318482422554821
122 Hpc2 4.24778797960093 839 5105 0.164348677766895
122 Snf2 2.56579081012177 836 11970 0.0698412698412698
122 Dbp2 1.47460125132157 814 13652 0.0596249633753296
122 Ies3 1.43861694281162 795 8218 0.0967388659041129
122 Maf1 7.08552120407314 746 3892 0.191675231243577
122 Uba2 7.73857687617244 719 2642 0.272142316426949
122 Rox1 1.09124245658521 691 15071 0.0458496450136023
122 Chd1 2.90461217486526 648 5109 0.126834997064005
122 Cka1 1.03103009451266 624 12370 0.0504446240905416
122 Ies6 8.11045521507735 516 2292 0.225130890052356
122 Nut2 1.60680444235674 449 8598 0.0522214468481042
123 Cha4 13.1530014652179 20253 20494 0.988240460622621
124 Bur2 13.1531061175773 47093 47473 0.991995450045289
124 Sgv1 13.1526875080865 39006 39929 0.976883969045055
124 Set3 2.44235450097433 1911 17651 0.108265820633392
125 Elf1 13.1529637828498 48482 49035 0.988722341184868
125 Tpk1 12.6724860581097 20606 27892 0.738778144270759
127 Lys14 13.1531612917393 3717 3720 0.999193548387097
128 Tea1 13.1531356738843 4909 4932 0.995336577453366
129 Uba2 9.65150046042879 893 2642 0.338001514004542
129 Pho85 12.5137675408058 545 1116 0.488351254480287
132 Nut2 8.28928958514464 2112 8598 0.245638520586183
132 Ung1 13.13241404257 1982 2308 0.858752166377816
132 Pup1 12.6825412925276 914 1830 0.499453551912568
132 Ubp12 8.56787562805361 882 3812 0.231374606505771
132 Csl4 13.0880936848692 713 857 0.831971995332555
132 Cse2 3.40274086744583 636 6151 0.10339782149244
133 Rpo31 5.72200730183208 41907 162203 0.258361435978373
134 Rap1 11.2886289201729 57994 92581 0.626413626986099
134 Nhp6a 13.0902113298454 15328 20720 0.73976833976834
134 Rif2 10.6691923107252 4083 8056 0.506827209533267
134 Rif1 6.81797512053836 973 3399 0.286260664901442
135 CTDSer5 13.1531512485896 143067 143404 0.997649995816016
136 Rpb9 13.1531251082717 76393 76899 0.993419940441358
136 Rpb7 13.1531156682611 65757 66245 0.992633406294815
137 Tho1 13.1524249462022 17007 17520 0.970719178082192
137 Hpr1 13.1525939200023 13023 13354 0.97521341920024
139 Pho80 13.1531636607211 504 504 1
140 Ume1 12.9127391699764 15655 22444 0.697513812154696
140 Rxt3 13.1484598868772 5503 5880 0.935884353741497
140 Rxt1 13.0417161216863 4754 6049 0.785915027277236
140 Rxt2 13.1100588628985 3806 5134 0.741332294507207
140 Rpd3 13.12051095138 3769 4631 0.813863096523429
140 Nrm1 6.38653968060037 3303 12849 0.257062806444081
140 Fkh2 7.63785623369167 2013 7594 0.26507769291546
140 Pho23 13.139638005834 2010 2190 0.917808219178082
140 Sin3 12.9783485945515 1424 1875 0.759466666666667
140 Sap30 13.0312787730658 1002 1341 0.747203579418344
140 Mbp1 2.60528553957043 678 5642 0.120170152428217
141 Cka1 12.192625639002 6614 12370 0.534680679062247
141 Cka2 10.976698053958 4937 10355 0.476774505070015
141 Ess1 13.0990481171237 3407 4314 0.789754288363468
141 Tda9 7.75658539554038 1526 7565 0.201718440185063
141 Lys20 1.64583467714294 1066 14106 0.0755706791436268
141 Eaf7 3.07952045180897 518 3843 0.134790528233151
141 Hpc2 2.18114261413745 445 5105 0.0871694417238002
141 Ubp12 4.01609565652757 425 3812 0.111490031479538
142 Sin4 7.16924502971618 4563 14258 0.320030859868144
142 Spt7 4.42330416046939 4102 24778 0.165550084752603
142 Nut1 5.6047353816674 3769 17371 0.216970813424673
142 Swi1 2.64303056020095 3015 28495 0.105808036497631
142 Spt3 7.03075682780577 2967 15833 0.187393418808817
142 Soh1 5.04887012693877 2961 15829 0.187061722155537
142 Rgr1 3.24377094031994 2942 21134 0.139206965079966
142 Ada2 2.89669574466757 2576 24470 0.105271761340417
142 Sgf11 1.01524829378868 2553 39598 0.0644729531794535
142 Pgd1 4.32920082694359 2392 10987 0.217711841266952
142 Snf6 1.8056475780916 2343 31831 0.0736074895542082
142 Swi3 1.22361202100223 2203 39792 0.0553628870124648
142 Ngg1 8.56010375785079 2183 8532 0.255860290670417
142 Spt20 11.0987172302967 1740 3640 0.478021978021978
142 Esa1 3.89387434182289 1632 14608 0.111719605695509
142 Gal11 8.78246637533367 1527 4119 0.370721048798252
142 Gcn5 8.09613893506 1500 6306 0.237868696479543
142 Sgf73 1.10781124066012 1427 27394 0.0520916989121705
142 Spt8 11.7624045214406 1075 2190 0.490867579908676
142 Med11 6.31511515743236 1059 5020 0.210956175298805
142 Taf10 1.20019133772093 1021 12915 0.0790553619821912
142 Taf12 1.01613877704386 989 14538 0.0680286146650158
142 Rox3 8.6713544452557 926 3374 0.274451689389449
142 Srb4 1.91578588401716 924 10660 0.0866791744840525
142 Tda9 4.56035866406012 915 7565 0.120951751487112
142 Yng2 2.77605036290862 839 8793 0.0954168088252019
142 Eaf5 3.86622864474359 793 6736 0.117725653206651
142 Cse2 4.21257824305408 779 6151 0.126646073809137
142 Snf11 2.85327999604557 717 7411 0.0967480771825664
142 Vid21 7.36415247185813 703 2694 0.260950259836674
142 Srb6 6.20586568678117 666 2912 0.228708791208791
142 Nut2 2.38636073682508 643 8598 0.0747848336822517
142 Ssn8 6.62550759622993 543 2297 0.236395298215063
142 Med4 1.00367782347356 505 9942 0.0507946087306377
142 Snf2 1.23208766624659 437 11970 0.0365079365079365
142 Srb8 1.63643774863464 434 6610 0.0656580937972769
144 Naf1 13.1527356846088 6892 7039 0.979116351754511
145 Rtr1 13.1495149003056 9379 9940 0.943561368209256
146 Ref2 13.1521717008898 130283 132847 0.980699601797557
146 Ysh1 12.9382967947784 69539 83105 0.836760724384814
146 Cft1 13.139977598893 43858 46550 0.942169709989259
146 Pap1 13.076439433727 36629 43349 0.844979122932478
147 Rpc53 13.1531561240745 28044 28076 0.998860236500926
147 Ret1 13.153161564212 25948 25973 0.999037461979748
147 Rpc19 2.37008300907812 5370 50019 0.107359203502669
150 Rlr1 13.149947630159 7467 7911 0.943875616230565
150 Hda1 12.8663326987934 2989 4821 0.619995851483095
150 Tpk2 13.1057635529613 2441 3273 0.745798961197678
150 Set5 9.73359542065346 1963 6232 0.314987163029525
150 Gts1 4.52898865400747 1299 6033 0.21531576330184
150 Ubp12 7.32285922446333 757 3812 0.198583420776495
150 Rox1 1.09304652095597 692 15071 0.0459159976113065
150 Tda9 3.28919156790676 672 7565 0.0888301387970919
150 Chd1 2.08317966565167 473 5109 0.092581718535917
150 Maf1 4.23666706681039 455 3892 0.116906474820144
150 Ckb2 1.16924790835319 434 8941 0.0485404317190471
151 Gal4 13.1402157784227 1017 1069 0.951356407857811
152 Cca1 12.8614505447692 7477 11687 0.639770685376915
152 Rox1 9.42241172075412 5309 15071 0.352265941211598
152 Lys20 8.03613302374272 4892 14106 0.346802778959308
152 Top1 12.6832894814814 3896 6374 0.61123313460935
152 Pap1 1.23150362696653 3674 43349 0.084753973563404
152 Ada2 3.74685654745304 3291 24470 0.134491213731099
152 Esc2 12.5171521662911 3268 6196 0.527437056165268
152 Snf2 10.2705169921576 3141 11970 0.262406015037594
152 Chd1 12.4566987820061 2683 5109 0.525151693090624
152 Dbp2 5.08903326922729 2618 13652 0.191766774099033
152 Ume1 2.0007282058115 2534 22444 0.112903225806452
152 Cka1 3.69565140146087 2054 12370 0.166046887631366
152 Eaf7 12.6029144786515 2052 3843 0.533957845433255
152 Rad6 1.56717366008933 1250 14158 0.0882893063992089
152 Nab2 9.47586009316048 1045 3036 0.344202898550725
152 Ckb2 2.915904560835 1006 8941 0.112515378592999
152 Maf1 8.60295210192786 901 3892 0.231500513874615
152 Ddp1 8.43581748766922 800 2873 0.278454577097111
152 Mlp1 7.01397782064923 688 3370 0.204154302670623
152 Bre1 1.12893532092417 667 12243 0.0544801110838847
152 Set5 3.18860503720582 667 6232 0.107028241335045
152 Nut2 1.65502441933416 461 8598 0.0536171202605257
153 Smd1 13.1531554576348 105793 106085 0.997247490220107
153 Mud1 13.1531185568543 37855 38159 0.992033334206871
154 Cup2 13.1452852043641 7843 8759 0.895421851809567
154 Fun30 12.6921236018156 4102 6874 0.596741344195519
154 Scc2 12.727302082879 3160 4863 0.649804647337035
154 Cka1 1.93290192147975 1108 12370 0.0895715440582053
154 Nab2 8.31402803752078 919 3036 0.30270092226614
154 Ckb2 2.56779466855716 892 8941 0.0997651269432949
154 Top1 2.33508886289793 747 6374 0.11719485409476
154 Hpc2 3.12005002636579 624 5105 0.122233104799216
154 Esc2 1.92676928833535 533 6196 0.0860232408005165
154 Snf2 1.24211550943362 440 11970 0.0367585630743525
155 Soh1 7.01174897098478 4077 15829 0.257565228378293
155 Nut1 6.02168425283475 4042 17371 0.232686661677508
155 Spt3 4.19061554440376 1805 15833 0.114002400050527
155 Snf11 2.63758745670498 666 7411 0.0898664147888274
156 Spp1 13.152110877319 47980 49098 0.977229215039309
156 Set1 13.1529425482743 42931 43704 0.982312831777412
156 Set3 4.22473342652612 3232 17651 0.18310577304402
156 Bre2 3.64085396994149 2127 11463 0.185553520020937
157 Tra1 10.4259154095511 412 897 0.459308807134894
159 Dst1 13.1509814522799 14362 15580 0.921822849807445
159 Acs2 13.0538689530699 9869 13223 0.746351054979959
159 Lys20 10.1306009083836 6146 14106 0.435701120090742
159 Cca1 2.12306150887033 1290 11687 0.110379053649354
159 Top1 2.07876633249161 669 6374 0.104957640414183
162 Bre2 12.4749926059072 7129 11463 0.62191398412283
162 Swd3 7.7113339939831 3285 9189 0.357492654260529
162 Bre1 4.17515467307617 2278 12243 0.186065506820224
162 Sdc1 5.52631584248098 1966 8125 0.241969230769231
162 Dbp2 1.42050498497819 787 13652 0.0576472311749194
162 Tos4 12.4280680264637 434 998 0.434869739478958
164 Cad1 13.1515235971189 14077 14745 0.954696507290607
164 Yap1 12.5515564139191 5276 9515 0.554492905937993
164 Yap7 13.1496657592299 2836 3051 0.929531301212717
168 Tfc8 13.1531529761457 44339 44452 0.997457932151534
168 Tfc7 13.1447694765211 24710 26399 0.936020303799386
168 Tfc3 3.3377500845836 10649 75366 0.141297136639864
174 Tfc3 4.10078854070241 12985 75366 0.172292545710267
174 Bdp1 1.31061505705863 7473 103360 0.0723006965944272
