topics significance commonGenes percentOfTopics percentOfReference
63 36.1797303128475 60 12.3711340206186 61.8556701030928
24 35.6107776667377 68 9.59097320169253 70.1030927835051
79 23.09967521672 37 15.6118143459916 38.1443298969072
66 22.8788188580866 40 13.5135135135135 41.2371134020619
134 16.2150165839154 37 10.054347826087 38.1443298969072
7 15.8115326895332 34 11.0032362459547 35.0515463917526
57 14.9791163615791 22 20.3703703703704 22.680412371134
84 12.9186367862429 27 12.1076233183857 27.8350515463918
85 12.8901729026889 17 25.7575757575758 17.5257731958763
36 12.7155982312288 14 36.8421052631579 14.4329896907216
